     4  -1750.0000  0.4000244E-07  0.1426859E-13  0.4399929E-14  0.1890529E-10
     4  -1680.0000  0.3954963E-07  0.2049683E-13  0.4473245E-14  0.1945413E-10
     4  -1610.0000  0.3902329E-07  0.1582084E-13  0.4917860E-14  0.2006498E-10
     4  -1540.0000  0.3848933E-07  0.2334837E-13  0.4967829E-14  0.2066234E-10
     4  -1470.0000  0.3793494E-07  0.1772149E-13  0.5418520E-14  0.2125770E-10
     4  -1400.0000  0.3736590E-07  0.2685912E-13  0.5405697E-14  0.2185714E-10
     4  -1330.0000  0.3677888E-07  0.2003343E-13  0.5903051E-14  0.2246342E-10
     4  -1260.0000  0.3617527E-07  0.3144869E-13  0.5881997E-14  0.2310368E-10
     4  -1190.0000  0.3555325E-07  0.2307284E-13  0.6527305E-14  0.2377610E-10
     4  -1120.0000  0.3491162E-07  0.3778744E-13  0.6508494E-14  0.2454056E-10
     4  -1050.0000  0.3424787E-07  0.2731233E-13  0.7368714E-14  0.2539593E-10
     4   -980.0000  0.3355878E-07  0.4695117E-13  0.7470722E-14  0.2643142E-10
     4   -910.0000  0.3283975E-07  0.3353006E-13  0.8771261E-14  0.2764702E-10
     4   -840.0000  0.3208365E-07  0.6123794E-13  0.9064964E-14  0.2919776E-10
     4   -770.0000  0.3128250E-07  0.4345412E-13  0.1124181E-13  0.3106878E-10
     4   -700.0000  0.3042375E-07  0.8388141E-13  0.1230414E-13  0.3353364E-10
     4   -630.0000  0.2949303E-07  0.5897547E-13  0.1398903E-13  0.3656727E-10
     4   -560.0000  0.2846718E-07  0.1293779E-12  0.1703643E-13  0.4071393E-10
     4   -490.0000  0.2732034E-07  0.9361018E-13  0.2274472E-13  0.4584999E-10
     4   -420.0000  0.2600925E-07  0.2276385E-12  0.2561474E-13  0.5320392E-10
     4   -350.0000  0.2448455E-07  0.1682446E-12  0.3800426E-13  0.6226023E-10
     4   -280.0000  0.2265370E-07  0.5122372E-12  0.4769038E-13  0.7665376E-10
     4   -210.0000  0.2041836E-07  0.3545384E-12  0.9095615E-13  0.9405574E-10
     4   -140.0000  0.1727038E-07  0.2996820E-11  0.8641068E-13  0.1465371E-09
     4    -70.0000  0.1109307E-07  0.1153370E-10 -0.2058254E-12  0.2731886E-09
     4      0.0000  0.4851218E-08  0.1059165E-11  0.1552653E-12  0.3312843E-10
     4     70.0000  0.7472904E-08  0.7617322E-11  0.8237826E-12 -0.3209199E-09
     4    140.0000  0.1535115E-07  0.5254112E-11  0.9885562E-12 -0.2337223E-09
     4    210.0000  0.1937155E-07  0.9700282E-12  0.2007197E-12 -0.1122199E-09
     4    280.0000  0.2181148E-07  0.5058723E-12  0.4765724E-13 -0.8261346E-10
     4    350.0000  0.2380489E-07  0.2450706E-12  0.4688817E-13 -0.6707888E-10
     4    420.0000  0.2542666E-07  0.2325720E-12  0.2698875E-13 -0.5654025E-10
     4    490.0000  0.2682079E-07  0.1199510E-12  0.2559225E-13 -0.4837579E-10
     4    560.0000  0.2802261E-07  0.1321413E-12  0.1783228E-13 -0.4262071E-10
     4    630.0000  0.2909494E-07  0.7319881E-13  0.1712232E-13 -0.3800713E-10
     4    700.0000  0.3005834E-07  0.8682370E-13  0.1452793E-13 -0.3466598E-10
     4    770.0000  0.3094515E-07  0.4993183E-13  0.1193416E-13 -0.3192478E-10
     4    840.0000  0.3176635E-07  0.6195597E-13  0.9327911E-14 -0.2989422E-10
     4    910.0000  0.3253984E-07  0.3736542E-13  0.9262008E-14 -0.2818133E-10
     4    980.0000  0.3327186E-07  0.4738867E-13  0.7658464E-14 -0.2688239E-10
     4   1050.0000  0.3397243E-07  0.2976746E-13  0.7671729E-14 -0.2575132E-10
     4   1120.0000  0.3464488E-07  0.3807737E-13  0.6632327E-14 -0.2486279E-10
     4   1190.0000  0.3529501E-07  0.2477120E-13  0.6700587E-14 -0.2404532E-10
     4   1260.0000  0.3592442E-07  0.3166895E-13  0.5939761E-14 -0.2335857E-10
     4   1330.0000  0.3653495E-07  0.2126313E-13  0.6026919E-14 -0.2269382E-10
     4   1400.0000  0.3712846E-07  0.2702370E-13  0.5471395E-14 -0.2209285E-10
     4   1470.0000  0.3770413E-07  0.1861671E-13  0.5545320E-14 -0.2148078E-10
     4   1540.0000  0.3826491E-07  0.2349813E-13  0.5038542E-14 -0.2089890E-10
     4   1610.0000  0.3880547E-07  0.1654697E-13  0.5029819E-14 -0.2029560E-10
     4   1680.0000  0.3933848E-07  0.2064377E-13  0.4554058E-14 -0.1969749E-10
     4   1750.0000  0.3979742E-07  0.1485306E-13  0.4519324E-14 -0.1914558E-10
    22   -225.0000  0.5273733E-07 -0.2687807E-14 -0.5328784E-15  0.3684333E-12
    22   -200.0000  0.5273258E-07  0.2247800E-13  0.7115194E-15  0.1144171E-11
    22   -175.0000  0.5272558E-07  0.1975622E-14 -0.9225443E-15  0.8751763E-12
    22   -150.0000  0.5271196E-07  0.6843850E-13  0.1499740E-14  0.2767739E-11
    22   -125.0000  0.5268661E-07  0.2002754E-12  0.3566446E-15  0.4903678E-11
    22   -100.0000  0.5256971E-07  0.2125826E-11  0.3674958E-13  0.3343359E-10
    22    -75.0000  0.5182669E-07  0.1284310E-10  0.2952705E-12  0.2058117E-09
    22    -50.0000  0.4832273E-07  0.3765996E-10  0.1481174E-11  0.7785734E-09
    22    -25.0000  0.4007769E-07  0.3567164E-10  0.3501529E-11  0.1294120E-08
    22      0.0000  0.3206887E-07 -0.1085281E-10  0.4655269E-11  0.5803483E-09
    22     25.0000  0.3304357E-07 -0.4084140E-11  0.4553721E-11 -0.8065150E-09
    22     50.0000  0.4183073E-07  0.4042837E-10  0.3080579E-11 -0.1255452E-08
    22     75.0000  0.4928079E-07  0.3344336E-10  0.1148718E-11 -0.6521456E-09
    22    100.0000  0.5206195E-07  0.9680074E-11  0.2120954E-12 -0.1524379E-09
    22    125.0000  0.5260784E-07  0.1488689E-11  0.2243467E-13 -0.2431538E-10
    22    150.0000  0.5269304E-07  0.1360669E-12  0.1341105E-14 -0.3837662E-11
    22    175.0000  0.5271612E-07  0.5659886E-13  0.1008772E-15 -0.2527823E-11
    22    200.0000  0.5272763E-07  0.4094363E-14  0.9077553E-16 -0.7904758E-12
    22    225.0000  0.5273509E-07  0.1780461E-13 -0.8409258E-16 -0.1077082E-11
    22    250.0000  0.5273988E-07 -0.3590985E-15  0.1028929E-15 -0.3052132E-12
    22    275.0000  0.5274356E-07  0.7971882E-14 -0.9604456E-16 -0.5844974E-12
    22    300.0000  0.5274607E-07 -0.7086352E-15  0.9447829E-16 -0.1376683E-12
    22    325.0000  0.5274819E-07  0.4133419E-14 -0.8668932E-16 -0.3602766E-12
    22    350.0000  0.5274968E-07 -0.5596456E-15  0.8148507E-16 -0.6647082E-13
    22    375.0000  0.5275103E-07  0.2348903E-14 -0.7453633E-16 -0.2413848E-12
    22    400.0000  0.5275199E-07 -0.3872439E-15  0.6916146E-16 -0.3236949E-13
    22    425.0000  0.5275292E-07  0.1419678E-14 -0.6343160E-16 -0.1715845E-12
    22    450.0000  0.5275358E-07 -0.2570713E-15  0.5875357E-16 -0.1472379E-13
    22    475.0000  0.5275427E-07  0.8978355E-15 -0.5413092E-16 -0.1274772E-12
    22    500.0000  0.5275474E-07 -0.1629025E-15  0.5024215E-16 -0.5211727E-14
    22    525.0000  0.5275518E-07  0.5977574E-15 -0.4646727E-16 -0.9981944E-13
    23   -225.0000  0.5260657E-07  0.6817775E-13  0.8155160E-15  0.9690707E-11
    23   -200.0000  0.5250843E-07  0.9538514E-13 -0.7523261E-17  0.1277546E-10
    23   -175.0000  0.5233352E-07  0.1869239E-12  0.2735113E-14  0.1979858E-10
    23   -150.0000  0.5205164E-07  0.3939703E-12  0.6424758E-14  0.3261120E-10
    23   -125.0000  0.5151542E-07  0.1404016E-11  0.6339922E-13  0.6896028E-10
    23   -100.0000  0.5015706E-07  0.6278602E-11  0.4183054E-12  0.1946504E-09
    23    -75.0000  0.4616205E-07  0.2117887E-10  0.1634061E-11  0.5474007E-09
    23    -50.0000  0.3750029E-07  0.3696848E-10  0.2970131E-11  0.9751512E-09
    23    -25.0000  0.2636286E-07  0.2683700E-10  0.2582862E-11  0.9257505E-09
    23      0.0000  0.1898829E-07  0.3053886E-11  0.1607854E-11  0.3193277E-09
    23     25.0000  0.1974793E-07  0.5893348E-11  0.1710905E-11 -0.4504405E-09
    23     50.0000  0.2814997E-07  0.3003889E-10  0.2690455E-11 -0.9625738E-09
    23     75.0000  0.3919430E-07  0.3529104E-10  0.2809737E-11 -0.9144362E-09
    23    100.0000  0.4704879E-07  0.1818156E-10  0.1399737E-11 -0.4773764E-09
    23    125.0000  0.5046114E-07  0.5002489E-11  0.3224806E-12 -0.1636673E-09
    23    150.0000  0.5162091E-07  0.1130622E-11  0.4698352E-13 -0.6040458E-10
    23    175.0000  0.5209902E-07  0.3428141E-12  0.4972396E-14 -0.2972410E-10
    23    200.0000  0.5235961E-07  0.1684778E-12  0.2376128E-14 -0.1836877E-10
    23    225.0000  0.5252413E-07  0.8890486E-13  0.1244448E-15 -0.1185173E-10
    23    250.0000  0.5263558E-07  0.5830927E-13  0.6771003E-15 -0.8469776E-11
    23    275.0000  0.5271481E-07  0.3534585E-13 -0.8432157E-16 -0.5961573E-11
    23    300.0000  0.5277312E-07  0.2621811E-13  0.2980038E-15 -0.4575118E-11
    23    325.0000  0.5281719E-07  0.1724257E-13 -0.7436516E-16 -0.3366800E-11
    23    350.0000  0.5285118E-07  0.1391688E-13  0.1613641E-15 -0.2693344E-11
    23    375.0000  0.5287775E-07  0.9795704E-14 -0.4984300E-16 -0.2018192E-11
    23    400.0000  0.5289882E-07  0.8487436E-14  0.9951478E-16 -0.1646073E-11
    23    425.0000  0.5291554E-07  0.6439340E-14 -0.3069791E-16 -0.1220584E-11
    23    450.0000  0.5292886E-07  0.5980777E-14  0.6783223E-16 -0.9862803E-12
    23    475.0000  0.5293933E-07  0.5010621E-14 -0.1674140E-16 -0.6845606E-12
    23    500.0000  0.5294738E-07  0.5058166E-14  0.5082692E-16 -0.5150100E-12
    23    525.0000  0.5295241E-07  0.4715341E-14 -0.6222134E-17 -0.3191663E-12
    24   -225.0000  0.5287822E-07  0.6190369E-13  0.2628872E-15  0.4743103E-11
    24   -200.0000  0.5284501E-07  0.8072758E-13  0.3572604E-15  0.6601209E-11
    24   -175.0000  0.5278650E-07  0.1704748E-12  0.1093538E-14  0.1022990E-10
    24   -150.0000  0.5268607E-07  0.3530134E-12  0.4028073E-14  0.1770135E-10
    24   -125.0000  0.5248874E-07  0.1412496E-11  0.3560870E-13  0.3994167E-10
    24   -100.0000  0.5190042E-07  0.7355593E-11  0.2981316E-12  0.1377814E-09
    24    -75.0000  0.4971516E-07  0.3029332E-10  0.1571260E-11  0.5116813E-09
    24    -50.0000  0.4349959E-07  0.6173700E-10  0.4211955E-11  0.1172599E-08
    24    -25.0000  0.3354143E-07  0.4810328E-10  0.5754382E-11  0.1350584E-08
    24      0.0000  0.2613108E-07 -0.3409918E-12  0.4917582E-11  0.5187752E-09
    24     25.0000  0.2689497E-07  0.6105880E-11  0.5022797E-11 -0.7127189E-09
    24     50.0000  0.3519371E-07  0.5467193E-10  0.5656113E-11 -0.1391610E-08
    24     75.0000  0.4480276E-07  0.5764726E-10  0.3748070E-11 -0.1065406E-08
    24    100.0000  0.5025468E-07  0.2512301E-10  0.1258216E-11 -0.4254108E-09
    24    125.0000  0.5205325E-07  0.5743133E-11  0.2211107E-12 -0.1126306E-09
    24    150.0000  0.5254444E-07  0.1103697E-11  0.2426260E-13 -0.3451203E-10
    24    175.0000  0.5272193E-07  0.3158871E-12  0.3421924E-14 -0.1653755E-10
    24    200.0000  0.5281739E-07  0.1454243E-12  0.4380812E-15 -0.9710534E-11
    24    225.0000  0.5287594E-07  0.8044968E-13  0.5161843E-15 -0.6538825E-11
    24    250.0000  0.5291646E-07  0.4811998E-13 -0.4801824E-16 -0.4439349E-11
    24    275.0000  0.5294481E-07  0.3216890E-13  0.2149751E-15 -0.3348941E-11
    24    300.0000  0.5296630E-07  0.2064330E-13 -0.7852812E-16 -0.2427942E-11
    24    325.0000  0.5298242E-07  0.1569692E-13  0.1204216E-15 -0.1964442E-11
    24    350.0000  0.5299534E-07  0.1025673E-13 -0.6591403E-16 -0.1481368E-11
    24    375.0000  0.5300548E-07  0.8695976E-14  0.7768029E-16 -0.1259638E-11
    24    400.0000  0.5301392E-07  0.5613774E-14 -0.5148127E-16 -0.9747115E-12
    24    425.0000  0.5302079E-07  0.5270730E-14  0.5436449E-16 -0.8608638E-12
    24    450.0000  0.5302665E-07  0.3289497E-14 -0.4023362E-16 -0.6780777E-12
    24    475.0000  0.5303154E-07  0.3421344E-14  0.4020162E-16 -0.6173602E-12
    24    500.0000  0.5303572E-07  0.2046906E-14 -0.3178414E-16 -0.4936857E-12
    24    525.0000  0.5303858E-07  0.2450058E-14  0.3103336E-16 -0.4750928E-12
